Start mas
645 997 143 367 539 13 977 138 18 288 
137 988 27 518 851 804 225 629 15 636 
201 849 529 60 282 737 827 644 278 852 
449 592 664 420 206 323 174 370 774 174 
0 507 363 488 785 866 52 418 710 629 
274 915 133 60 837 954 888 719 103 986 
602 447 471 531 593 144 809 342 740 125 
499 993 695 861 835 556 389 573 879 579 
125 118 373 373 280 296 517 172 682 118 
636 270 287 404 434 475 97 295 990 800 
End mas
0 13 15 18 27 52 60 60 97 103 
118 118 125 125 133 137 138 143 144 172 
174 174 201 206 225 270 274 278 280 282 
287 288 295 296 323 342 363 367 370 373 
373 389 404 418 420 434 447 449 471 475 
488 499 507 517 518 529 531 539 556 573 
579 592 593 602 629 629 636 636 644 645 
664 682 695 710 719 737 740 774 785 800 
804 809 827 835 837 849 851 852 861 866 
879 888 915 954 977 986 988 990 993 997 
Time = 0 milliseconds
